05 08 08 08 08 08 08 08 08 08 08 08 08 08 08 08 08 08 08 08 08 08 08 08 08 08 08 08 08 08 08 08 08 08 08 08 08 08 08 05 
06 00 00 00 00 00 00 00 00 00 00 00 00 00 00 00 00 00 00 00 00 00 00 00 00 00 00 00 00 00 00 00 00 00 00 00 00 00 00 04 
06 00 00 00 00 00 00 00 00 00 00 00 00 00 00 00 00 00 00 00 00 00 00 00 00 00 00 00 00 00 00 00 00 00 00 00 00 00 00 04 
06 00 00 00 00 00 00 00 00 00 00 00 00 00 00 00 00 00 00 00 00 00 00 00 00 00 00 00 00 00 00 00 00 00 00 00 00 00 00 04 
06 00 00 00 00 00 00 00 00 00 00 00 00 00 00 00 00 00 00 00 00 00 00 00 00 00 00 00 00 00 00 00 00 00 00 00 00 00 00 04 
06 00 00 00 00 00 00 00 00 00 00 00 00 00 00 00 00 00 00 00 00 00 00 00 00 00 00 00 00 00 00 00 00 00 00 00 00 00 00 04 
06 00 00 00 00 00 00 00 00 00 00 00 00 00 10 00 00 00 00 00 00 00 00 00 00 00 00 00 00 00 00 00 00 00 00 00 00 00 00 04 
06 00 00 00 00 00 00 00 00 00 00 00 00 13 05 14 14 14 03 00 00 00 00 00 00 00 00 00 00 00 00 00 00 00 00 00 00 00 00 04 
06 00 00 00 00 00 00 00 00 00 00 00 00 00 12 00 00 00 11 00 00 16 00 00 00 00 00 00 00 00 00 00 00 00 00 00 00 00 00 04 
06 00 00 00 00 00 00 00 00 00 00 00 00 00 00 00 00 00 11 00 00 00 00 00 00 00 00 00 00 00 00 00 00 00 00 00 00 00 00 04 
06 00 00 00 00 00 00 00 00 00 00 00 00 00 01 02 03 00 04 15 00 00 00 00 00 00 00 00 00 00 00 00 00 00 00 00 00 00 00 04 
06 00 00 00 00 00 00 00 00 00 00 16 00 00 04 05 05 14 09 00 00 00 00 00 00 00 00 00 00 00 00 00 00 00 00 00 00 00 00 04 
06 00 00 00 00 00 00 00 00 00 00 00 00 00 07 08 09 00 00 00 00 16 00 00 00 00 00 00 00 00 00 00 00 00 00 00 00 00 00 04 
06 00 00 00 00 00 00 00 00 00 00 00 00 00 00 00 00 00 00 00 00 00 00 00 16 00 00 00 00 00 00 00 00 00 00 00 00 00 00 04 
06 00 00 00 00 00 00 00 00 00 00 00 00 00 00 00 00 00 00 00 00 00 00 00 00 00 00 00 00 00 00 00 00 00 00 00 00 00 00 04 
06 00 00 00 00 00 00 00 00 00 00 00 00 00 00 00 00 00 00 00 00 00 00 00 00 01 02 02 02 02 02 02 02 02 02 02 02 02 02 04 
06 00 00 00 00 00 00 00 00 00 00 00 00 00 00 00 00 00 00 00 00 00 00 00 01 05 05 05 05 05 05 05 05 05 05 05 05 05 05 04 
06 00 00 00 00 00 00 00 00 00 00 00 00 00 00 00 00 00 00 00 00 00 00 01 05 05 05 05 05 05 05 05 05 05 05 05 05 05 05 04 
06 00 00 00 00 01 02 02 02 03 00 00 00 00 00 00 00 00 00 00 00 00 01 05 05 05 05 05 05 05 05 05 05 05 05 05 05 05 05 04 
05 02 02 02 02 05 05 05 05 05 02 02 02 02 02 02 02 02 02 02 02 02 05 05 05 05 05 05 05 05 05 05 05 05 05 05 05 05 05 05 
05 05 05 05 05 05 05 05 05 05 05 05 05 05 05 05 05 05 05 05 05 05 05 05 05 05 05 05 05 05 05 05 05 05 05 05 05 05 05 05 